[
  {
    "batch": 91,
    "n": 1290,
    "perf": {
      "CART": {
        "R2": -3.8136685872176397,
        "MAE": 4.599894933670549,
        "RMSE": 5.406825281265271
      },
      "M5": {
        "R2": -8.54694852713642,
        "MAE": 6.057171986075712,
        "RMSE": 7.614414825796472
      },
      "CUBIST": {
        "R2": -4.146421581024791,
        "MAE": 4.810269358688001,
        "RMSE": 5.59058071831942
      },
      "RF": {
        "R2": -3.799136791906408,
        "MAE": 4.713116499493671,
        "RMSE": 5.398657886152957
      }
    },
    "MDM_score": 0.2342207732677493,
    "MDM_metrics": {
      "mse": 0.5585179293223893,
      "pearson": 0.06439596805291906,
      "spearman": 0.07974842242793952
    },
    "MDM_pairwise": {
      "mse": [
        [
          0.0,
          0.6109454759460641,
          0.4825644986091533,
          0.5041366579103573
        ],
        [
          0.6109454759460641,
          0.0,
          0.6017355024416531,
          0.8097627055862947
        ],
        [
          0.4825644986091533,
          0.6017355024416531,
          0.0,
          0.34196273544081346
        ],
        [
          0.5041366579103573,
          0.8097627055862947,
          0.34196273544081346,
          0.0
        ]
      ],
      "pearson": [
        [
          0.0,
          0.050174170371689086,
          0.059895050516854675,
          0.06703956460936117
        ],
        [
          0.050174170371689086,
          0.0,
          0.05226672125953341,
          0.11851801468522755
        ],
        [
          0.059895050516854675,
          0.05226672125953341,
          0.0,
          0.03848228687484845
        ],
        [
          0.06703956460936117,
          0.11851801468522755,
          0.03848228687484845,
          0.0
        ]
      ],
      "spearman": [
        [
          0.0,
          0.07331136408376904,
          0.09423478365094823,
          0.09284461672616257
        ],
        [
          0.07331136408376904,
          0.0,
          0.06002859540291494,
          0.11718263262284329
        ],
        [
          0.09423478365094823,
          0.06002859540291494,
          0.0,
          0.04088854208099901
        ],
        [
          0.09284461672616257,
          0.11718263262284329,
          0.04088854208099901,
          0.0
        ]
      ]
    }
  },
  {
    "batch": 94,
    "n": 1150,
    "perf": {
      "CART": {
        "R2": -0.7552948440870542,
        "MAE": 3.799101261647448,
        "RMSE": 5.203517434876872
      },
      "M5": {
        "R2": -1.2274607651062723,
        "MAE": 4.262240835490527,
        "RMSE": 5.861746151636342
      },
      "CUBIST": {
        "R2": -0.263776831566229,
        "MAE": 3.5975136598369644,
        "RMSE": 4.41526902071423
      },
      "RF": {
        "R2": -0.17287404758573377,
        "MAE": 3.69691787694181,
        "RMSE": 4.253512013989828
      }
    },
    "MDM_score": 0.16863114205533603,
    "MDM_metrics": {
      "mse": 0.43048906748460514,
      "pearson": 0.03629051664474799,
      "spearman": 0.039113842036655
    },
    "MDM_pairwise": {
      "mse": [
        [
          0.0,
          0.38448215246844275,
          0.4290449368832357,
          0.41343610145219545
        ],
        [
          0.38448215246844275,
          0.0,
          0.3799621779953019,
          0.5827026206765686
        ],
        [
          0.4290449368832357,
          0.3799621779953019,
          0.0,
          0.3933064154318864
        ],
        [
          0.41343610145219545,
          0.5827026206765686,
          0.3933064154318864,
          0.0
        ]
      ],
      "pearson": [
        [
          0.0,
          0.02780628829238485,
          0.03485115355008339,
          0.03169131433858208
        ],
        [
          0.02780628829238485,
          0.0,
          0.01683624356570579,
          0.06097819926088638
        ],
        [
          0.03485115355008339,
          0.01683624356570579,
          0.0,
          0.04557990086084546
        ],
        [
          0.03169131433858208,
          0.06097819926088638,
          0.04557990086084546,
          0.0
        ]
      ],
      "spearman": [
        [
          0.0,
          0.022978606344601082,
          0.03443855957527525,
          0.049978963897611806
        ],
        [
          0.022978606344601082,
          0.0,
          0.01630581786911517,
          0.06109197363226848
        ],
        [
          0.03443855957527525,
          0.01630581786911517,
          0.0,
          0.04988913090105823
        ],
        [
          0.049978963897611806,
          0.06109197363226848,
          0.04988913090105823,
          0.0
        ]
      ]
    }
  },
  {
    "batch": 95,
    "n": 1055,
    "perf": {
      "CART": {
        "R2": -0.3373954559101713,
        "MAE": 3.158658097311611,
        "RMSE": 4.156217105310109
      },
      "M5": {
        "R2": -1.8175121640263772,
        "MAE": 4.012449831383112,
        "RMSE": 6.032553798166647
      },
      "CUBIST": {
        "R2": -0.12998827963951354,
        "MAE": 3.139957304573778,
        "RMSE": 3.8203686559304164
      },
      "RF": {
        "R2": -0.31715416840483734,
        "MAE": 3.347607153435997,
        "RMSE": 4.124645317758802
      }
    },
    "MDM_score": 0.23723800078338,
    "MDM_metrics": {
      "mse": 0.5566186485492838,
      "pearson": 0.06885947411926281,
      "spearman": 0.08623587968159345
    },
    "MDM_pairwise": {
      "mse": [
        [
          0.0,
          0.658711842398414,
          0.42757594184524544,
          0.45574055923872614
        ],
        [
          0.658711842398414,
          0.0,
          0.5755230363633418,
          0.833660886208995
        ],
        [
          0.42757594184524544,
          0.5755230363633418,
          0.0,
          0.3884996252409805
        ],
        [
          0.45574055923872614,
          0.833660886208995,
          0.3884996252409805,
          0.0
        ]
      ],
      "pearson": [
        [
          0.0,
          0.07700617118114905,
          0.04872940567637457,
          0.054867120162863936
        ],
        [
          0.07700617118114905,
          0.0,
          0.04787254728043033,
          0.13793278094244632
        ],
        [
          0.04872940567637457,
          0.04787254728043033,
          0.0,
          0.046748819472312686
        ],
        [
          0.054867120162863936,
          0.13793278094244632,
          0.046748819472312686,
          0.0
        ]
      ],
      "spearman": [
        [
          0.0,
          0.09259911102237395,
          0.07319935099908675,
          0.08784984470712265
        ],
        [
          0.09259911102237395,
          0.0,
          0.04806291270938473,
          0.15199636214203094
        ],
        [
          0.07319935099908675,
          0.04806291270938473,
          0.0,
          0.0637076965095616
        ],
        [
          0.08784984470712265,
          0.15199636214203094,
          0.0637076965095616,
          0.0
        ]
      ]
    }
  },
  {
    "batch": 96,
    "n": 1150,
    "perf": {
      "CART": {
        "R2": 0.9140581153952274,
        "MAE": 1.721832098488074,
        "RMSE": 2.825542830357985
      },
      "M5": {
        "R2": 0.837674808465696,
        "MAE": 2.151453417801315,
        "RMSE": 3.8832237961266665
      },
      "CUBIST": {
        "R2": 0.7849371785200498,
        "MAE": 3.393246406218619,
        "RMSE": 4.4697386258871665
      },
      "RF": {
        "R2": 0.8657940230807495,
        "MAE": 2.770511832203331,
        "RMSE": 3.5308997503250024
      }
    },
    "MDM_score": 0.1279238106445118,
    "MDM_metrics": {
      "mse": 0.33831328898765967,
      "pearson": 0.018935090689519624,
      "spearman": 0.02652305225635614
    },
    "MDM_pairwise": {
      "mse": [
        [
          0.0,
          0.29437530011058866,
          0.44767578467597713,
          0.34532414739635253
        ],
        [
          0.29437530011058866,
          0.0,
          0.37882360860355746,
          0.3013863942832511
        ],
        [
          0.44767578467597713,
          0.37882360860355746,
          0.0,
          0.2622944988562309
        ],
        [
          0.34532414739635253,
          0.3013863942832511,
          0.2622944988562309,
          0.0
        ]
      ],
      "pearson": [
        [
          0.0,
          0.017185007738760805,
          0.029951107098135588,
          0.014714954507667022
        ],
        [
          0.017185007738760805,
          0.0,
          0.018947059796567967,
          0.010611974939860769
        ],
        [
          0.029951107098135588,
          0.018947059796567967,
          0.0,
          0.022200440056125592
        ],
        [
          0.014714954507667022,
          0.010611974939860769,
          0.022200440056125592,
          0.0
        ]
      ],
      "spearman": [
        [
          0.0,
          0.024247447117105747,
          0.03354454772959131,
          0.02260326474524349
        ],
        [
          0.024247447117105747,
          0.0,
          0.02232771376797621,
          0.02059393666270548
        ],
        [
          0.03354454772959131,
          0.02232771376797621,
          0.0,
          0.035821403515514605
        ],
        [
          0.02260326474524349,
          0.02059393666270548,
          0.035821403515514605,
          0.0
        ]
      ]
    }
  },
  {
    "batch": 97,
    "n": 1125,
    "perf": {
      "CART": {
        "R2": 0.8598479357247024,
        "MAE": 2.34936745039638,
        "RMSE": 3.1115548271959215
      },
      "M5": {
        "R2": 0.825487648262563,
        "MAE": 2.4432878546700265,
        "RMSE": 3.47208856140776
      },
      "CUBIST": {
        "R2": 0.8392501423523887,
        "MAE": 2.5076888474965866,
        "RMSE": 3.33236839596323
      },
      "RF": {
        "R2": 0.8104817588338171,
        "MAE": 2.7646289102546313,
        "RMSE": 3.6182887102702876
      }
    },
    "MDM_score": 0.1227930052271942,
    "MDM_metrics": {
      "mse": 0.3177053497429878,
      "pearson": 0.018526400128685228,
      "spearman": 0.03214726580990954
    },
    "MDM_pairwise": {
      "mse": [
        [
          0.0,
          0.3392231786668575,
          0.36033874041516667,
          0.3086452935642982
        ],
        [
          0.3392231786668575,
          0.0,
          0.33142122703530363,
          0.3663420624768476
        ],
        [
          0.36033874041516667,
          0.33142122703530363,
          0.0,
          0.2002615962994531
        ],
        [
          0.3086452935642982,
          0.3663420624768476,
          0.2002615962994531,
          0.0
        ]
      ],
      "pearson": [
        [
          0.0,
          0.023608999134302366,
          0.021408884779519022,
          0.01482925734336732
        ],
        [
          0.023608999134302366,
          0.0,
          0.01516240084807391,
          0.024609230822760453
        ],
        [
          0.021408884779519022,
          0.01516240084807391,
          0.0,
          0.011539627844088296
        ],
        [
          0.01482925734336732,
          0.024609230822760453,
          0.011539627844088296,
          0.0
        ]
      ],
      "spearman": [
        [
          0.0,
          0.04590442175439041,
          0.022515936644870227,
          0.02343746373348643
        ],
        [
          0.04590442175439041,
          0.0,
          0.023470355597976444,
          0.051454572564052836
        ],
        [
          0.022515936644870227,
          0.023470355597976444,
          0.0,
          0.026100844564680925
        ],
        [
          0.02343746373348643,
          0.051454572564052836,
          0.026100844564680925,
          0.0
        ]
      ]
    }
  },
  {
    "batch": 98,
    "n": 1150,
    "perf": {
      "CART": {
        "R2": 0.8867711525200319,
        "MAE": 2.511939703978177,
        "RMSE": 3.8706691934279873
      },
      "M5": {
        "R2": 0.8465751107225895,
        "MAE": 3.2137424824293537,
        "RMSE": 4.505628931458732
      },
      "CUBIST": {
        "R2": 0.6987642739931662,
        "MAE": 4.455666741137553,
        "RMSE": 6.313362860346067
      },
      "RF": {
        "R2": 0.8375336019350598,
        "MAE": 3.4854083471981863,
        "RMSE": 4.636489585543052
      }
    },
    "MDM_score": 0.14227702259830158,
    "MDM_metrics": {
      "mse": 0.3620478145066244,
      "pearson": 0.021558618123451334,
      "spearman": 0.043224635164829044
    },
    "MDM_pairwise": {
      "mse": [
        [
          0.0,
          0.33270677675196864,
          0.4207619942887693,
          0.2713542841565965
        ],
        [
          0.33270677675196864,
          0.0,
          0.4495503559452236,
          0.40477044131415413
        ],
        [
          0.4207619942887693,
          0.4495503559452236,
          0.0,
          0.29314303458303376
        ],
        [
          0.2713542841565965,
          0.40477044131415413,
          0.29314303458303376,
          0.0
        ]
      ],
      "pearson": [
        [
          0.0,
          0.019604545063879986,
          0.03114690613928789,
          0.011267926141724227
        ],
        [
          0.019604545063879986,
          0.0,
          0.019237451878162837,
          0.02231558666117467
        ],
        [
          0.03114690613928789,
          0.019237451878162837,
          0.0,
          0.025779292856478397
        ],
        [
          0.011267926141724227,
          0.02231558666117467,
          0.025779292856478397,
          0.0
        ]
      ],
      "spearman": [
        [
          0.0,
          0.039381347198616634,
          0.05343606590214689,
          0.02137521906100781
        ],
        [
          0.039381347198616634,
          0.0,
          0.026643416875107684,
          0.05338943219920006
        ],
        [
          0.05343606590214689,
          0.026643416875107684,
          0.0,
          0.06512232975289517
        ],
        [
          0.02137521906100781,
          0.05338943219920006,
          0.06512232975289517,
          0.0
        ]
      ]
    }
  },
  {
    "batch": 99,
    "n": 1255,
    "perf": {
      "CART": {
        "R2": 0.08353877082354655,
        "MAE": 2.723630857425282,
        "RMSE": 3.8423371160258104
      },
      "M5": {
        "R2": -1.6772227955590124,
        "MAE": 4.431419966338912,
        "RMSE": 6.567206532380108
      },
      "CUBIST": {
        "R2": -0.2801249879034433,
        "MAE": 3.625498094927729,
        "RMSE": 4.54113700930744
      },
      "RF": {
        "R2": -0.26287585466104857,
        "MAE": 3.789123820019238,
        "RMSE": 4.510438312306201
      }
    },
    "MDM_score": 0.26617617243081426,
    "MDM_metrics": {
      "mse": 0.6247611202127966,
      "pearson": 0.0865998906697271,
      "spearman": 0.08716750640991905
    },
    "MDM_pairwise": {
      "mse": [
        [
          0.0,
          0.8387475666475074,
          0.569900530830836,
          0.4621455642035852
        ],
        [
          0.8387475666475074,
          0.0,
          0.5568161115803583,
          0.8383330851490306
        ],
        [
          0.569900530830836,
          0.5568161115803583,
          0.0,
          0.48262386286546194
        ],
        [
          0.4621455642035852,
          0.8383330851490306,
          0.48262386286546194,
          0.0
        ]
      ],
      "pearson": [
        [
          0.0,
          0.13795618943894106,
          0.09480430628109282,
          0.04473855819831685
        ],
        [
          0.13795618943894106,
          0.0,
          0.04751661172324945,
          0.13051103998662544
        ],
        [
          0.09480430628109282,
          0.04751661172324945,
          0.0,
          0.064072638390137
        ],
        [
          0.04473855819831685,
          0.13051103998662544,
          0.064072638390137,
          0.0
        ]
      ],
      "spearman": [
        [
          0.0,
          0.12137239725418686,
          0.09839158147431304,
          0.049982705569542096
        ],
        [
          0.12137239725418686,
          0.0,
          0.05816510267102132,
          0.12216052819693063
        ],
        [
          0.09839158147431304,
          0.05816510267102132,
          0.0,
          0.07293272329352035
        ],
        [
          0.049982705569542096,
          0.12216052819693063,
          0.07293272329352035,
          0.0
        ]
      ]
    }
  },
  {
    "batch": 100,
    "n": 1150,
    "perf": {
      "CART": {
        "R2": -5.573433987755895,
        "MAE": 6.987362682414711,
        "RMSE": 9.108592409445455
      },
      "M5": {
        "R2": -6.638050064838443,
        "MAE": 7.289723948274347,
        "RMSE": 9.818527618657177
      },
      "CUBIST": {
        "R2": -4.277857538982476,
        "MAE": 7.217165638561177,
        "RMSE": 8.161762395534396
      },
      "RF": {
        "R2": -4.79336789015099,
        "MAE": 7.356642840348213,
        "RMSE": 8.551074096846945
      }
    },
    "MDM_score": 0.24452406001499583,
    "MDM_metrics": {
      "mse": 0.6052026004737368,
      "pearson": 0.07857886790270728,
      "spearman": 0.049790711668543465
    },
    "MDM_pairwise": {
      "mse": [
        [
          0.0,
          0.886757789530697,
          0.5824904785658748,
          0.3360054142496825
        ],
        [
          0.886757789530697,
          0.0,
          0.4983080085857297,
          0.8630958669304485
        ],
        [
          0.5824904785658748,
          0.4983080085857297,
          0.0,
          0.4645580449799882
        ],
        [
          0.3360054142496825,
          0.8630958669304485,
          0.4645580449799882,
          0.0
        ]
      ],
      "pearson": [
        [
          0.0,
          0.14107330394064127,
          0.08292219322157335,
          0.020469759506555718
        ],
        [
          0.14107330394064127,
          0.0,
          0.025840961127199358,
          0.13283133959723936
        ],
        [
          0.08292219322157335,
          0.025840961127199358,
          0.0,
          0.0683356500230346
        ],
        [
          0.020469759506555718,
          0.13283133959723936,
          0.0683356500230346,
          0.0
        ]
      ],
      "spearman": [
        [
          0.0,
          0.08964336898999642,
          0.07103606287886483,
          0.024179805593994075
        ],
        [
          0.08964336898999642,
          0.0,
          0.0074751485798773,
          0.059797911622491706
        ],
        [
          0.07103606287886483,
          0.0074751485798773,
          0.0,
          0.04661197234603648
        ],
        [
          0.024179805593994075,
          0.059797911622491706,
          0.04661197234603648,
          0.0
        ]
      ]
    }
  }
]